corp_num, iteration_num, time_real, time_cpu
255, 1, 503.604000, 785.581000
