corp_num, iteration_num, time_real, time_cpu
52, 9, 0.073000, 0.073000
