corp_num, iteration_num, time_real, time_cpu
238, 29, 0.159000, 0.160000
