corp_num, iteration_num, time_real, time_cpu
90, 5, 1.820000, 1.875000
