corp_num, iteration_num, time_real, time_cpu
161, 5, 0.019000, 0.019000
