corp_num, iteration_num, time_real, time_cpu
153, 33, 0.020000, 0.019000
