corp_num, iteration_num, time_real, time_cpu
32, 2, 0.301000, 0.301000
